# a1 <- 12
# a2 <- 3
# a3 <- 2
# a4 <- 4

a1 <- 14
a2 <- 3
a3 <- 2
a4 <- 3

punti_2021 <- list(
  list(
    e1 = c(a1,a2,a3),
    e2 = c(a1,a2,a2,a3),
    e3 = c(a1),
    e4 = c(a4,a4,a4),
    e5 = c(a1),
    e6 = c(a1,a2,a2,a3)
  ),
  list(
    e1 = c(a1,a2,a3),
    e2 = c(a1,a2,a2,a3),
    e3 = c(a1),
    e4 = c(a4,a4,a4),
    e5 = c(a1),
    e6 = c(a1,a2,a2,a3)
  ),
  list(
    e1 = c(a1,a2,a2),
    e2 = c(a1,a2,a2,a3),
    e3 = c(a1),
    e4 = c(a4,a4,a4),
    e5 = c(a1),
    e6 = c(a1,a2,a2,a3)
  ),
  list(
    e1 = c(a1,a2,a3),
    e2 = c(a1,a2,a2,a3),
    e3 = c(a1),
    e4 = c(a4,a4,a4),
    e5 = c(a1),
    e6 = c(a1,a2,a2,a3)
  ),
  list(
    e1 = c(a1,a2,a3),
    e2 = c(a1,a2,a2,a3),
    e3 = c(a1),
    e4 = c(a4,a4,a4),
    e5 = c(a4, a1 - a4),
    e6 = c(a1,a2,a2,a3)
  ),
  list(
    e1 = c(a1,a2,a3),
    e2 = c(a1,a2,a2,a3),
    e3 = c(a1),
    e4 = c(a4,a4,a4),
    e5 = c(a4, a1 - a4),
    e6 = c(a1,a2,a2,a3)
  ),
  list(
    e1 = c(a1,a2,a3,a3),
    e2 = c(a1,a2,a2,a3),
    e3 = c(a3,a1),
    e4 = c(a4,a4,a4,a4),
    e5 = c(a4, a1 - a4),
    e6 = c(a1,a2,a3,a3)
  )
)

punti_2022 <- list(
  list(
    e1 = c(a1,a2,a3,a3),
    e2 = c(a1,a2,a3),
    e3 = c(a1),
    e4 = c(a4,a4,a4,a4),
    e5 = c(a1),
    e6 = c(a1,a2,a3,a3)
  ),
  list(
    e1 = c(a1,a2,a3,a3),
    e2 = c(a1,a2,a3),
    e3 = c(a1),
    e4 = c(a4,a4,a4,a4),
    e5 = c(a1),
    e6 = c(a1,a2,a3,a3)
  ),
  list(
    e1 = c(a1,a2,a3,a3),
    e2 = c(a1,a2,a3),
    e3 = c(a1),
    e4 = c(a4,a4,a4,a4),
    e5 = c(a1),
    e6 = c(a1,a2,a3,a3)
  ),
  list(
    e1 = c(a1,a2,a3,a3),
    e2 = c(a1,a2,a3,a3),
    e3 = c(a1),
    e4 = c(a4,a4,a4,a4),
    e5 = c(a4, a1 - a4),
    e6 = c(a1,a2,a2,a3,a3)
  ),
  list(
    e1 = c(a1,a2,a3,a3),
    e2 = c(a1,a2,a3,a3),
    e3 = c(a1),
    e4 = c(a4,a4,a4,a4),
    e5 = c(a4, a1 - a4),
    e6 = c(a1,a2,a3,a3)
  ),
  list(
    e1 = c(a1,a2,a3,a3),
    e2 = c(a1,a2,a3,a3),
    e3 = c(a1),
    e4 = c(a4,a4,a4,a4),
    e5 = c(a4, a1 - a4),
    e6 = c(a1,a2,a3,a3)
  ),
  list(
    e1 = c(a1,a2,a3,a3),
    e2 = c(a1,a2,a3,a3),
    e3 = c(a1),
    e4 = c(a4,a4,a4,a4),
    e5 = c(a1),
    e6 = c(a1,a2,a2,a3,a3)
  ),
  list(
    e1 = c(a1,a2,a3,a3),
    e2 = c(a1,a2,a3,a3),
    e3 = c(a1),
    e4 = c(a4,a4,a4,a4),
    e5 = c(a4, a1 - a4),
    e6 = c(a1,a2,a2,a3,a3)
  ),
  list(
    e1 = c(a1,a2,a3,a3),
    e2 = c(a1,a2,a3),
    e3 = c(a1),
    e4 = c(a4,a4,a4,a4),
    e5 = c(a4, a1 - a4),
    e6 = c(a1,a2,a3,a3)
  )
)


punti_2023 <- list(
  list(
    e1 = c(a1,a2,a3,a3),
    e2 = c(a1,a2,a3,a3),
    e3 = c(a1),
    e4 = c(a4,a4,a4,a4),
    e5 = c(a1),
    e6 = c(a1,a2,a3,a3)
  ),
  list(
    e1 = c(a1,a2,a3,a3),
    e2 = c(a1,a2,a3,a3),
    e3 = c(a1),
    e4 = c(a4,a4,a4,a4),
    e5 = c(a1),
    e6 = c(a1,a2,a3,a3)
  ),
  list(
    e1 = c(a1,a2,a3,a3),
    e2 = c(a1,a2,a3,a3),
    e3 = c(a1),
    e4 = c(a4,a4,a4,a4),
    e5 = c(a4, a1 - a4),
    e6 = c(a1,a2,a3,a3)
  ),
  list(
    e1 = c(a1,a2,a3,a3),
    e2 = c(a1,a2,a3,a3),
    e3 = c(a1),
    e4 = c(a4,a4,a4,a4),
    e5 = c(a1),
    e6 = c(a1,a2,a3,a3)
  ),
  list(
    e1 = c(a1,a2,a3,a3),
    e2 = c(a1,a2,a3,a3),
    e3 = c(a1),
    e4 = c(a4,a4,a4,a4),
    e5 = c(a1),
    e6 = c(a1,a2,a3,a3)
  ),
  list(
    e1 = c(a1,a2,a3,a3),
    e2 = c(a1,a2,a3,a3),
    e3 = c(a1),
    e4 = c(a4,a4,a4,a4),
    e5 = c(a4, a1 - a4),
    e6 = c(a1,a2,a3,a3)
  ),
  list(
    e1 = c(a1,a2,a3,a3),
    e2 = c(a1,a2,a3,a3),
    e3 = c(a1),
    e4 = c(a4,a4,a4,a4),
    e5 = c(a1,a2,a1,a3,a3)
  ),
  list(
    e1 = c(a1,a2,a3,a3),
    e2 = c(a1,a2,a3,a3),
    e3 = c(a1),
    e4 = c(a4,a4,a4,a4),
    e5 = c(a1),
    e6 = c(a1,a2,a3,a3)
  ),
  list(
    e1 = c(a1,a2,a3,a3),
    e2 = c(a1,a2,a3,a3),
    e3 = c(a1),
    e4 = c(a4,a4,a4,a4),
    e5 = c(a4, a1 - a4),
    e6 = c(a1,a2,a3,a3)
  ),
  list(
    e1 = c(a1,a2,a3,a3),
    e2 = c(a1,a2,a3,a3),
    e3 = c(a1),
    e4 = c(a4,a4,a4,a4),
    e5 = c(a4, a1 - a4),
    e6 = c(a1,a2,a3,a3,a3)
  ),
  list(
    e1 = c(a1,a2,a3,a3),
    e2 = c(a1,a2,a3,a3),
    e3 = c(a1),
    e4 = c(a4,a4,a4,a4),
    e5 = c(a4, a1 - a4),
    e6 = c(a1,a2,a3,a3,a3)
  ),
  list(
    e1 = c(a1,a2,a3,a3),
    e2 = c(a1,a2,a3,a3),
    e3 = c(a1),
    e4 = c(a4,a4,a4,a4),
    e5 = c(a4, a1 - a4),
    e6 = c(a1,a2,a3,a3,a3)
  ),
  list(
    e1 = c(a1,a2,a3,a3),
    e2 = c(a1,a2,a3,a3),
    e3 = c(a1),
    e4 = c(a4,a4,a4,a4),
    e5 = c(a4, a1 - a4),
    e6 = c(a1,a2,a3,a3,a3)
  ),
  list(
    e1 = c(a1,a2,a3,a3),
    e2 = c(a1,a2,a3,a3),
    e3 = c(a1),
    e4 = c(a4,a4,a4,a4),
    e5 = c(a1),
    e6 = c(a1,a2,a3,a3,a3)
  ),
  list(
    e1 = c(a1,a2,a3,a3),
    e2 = c(a2,a3,a3),
    e3 = c(a1),
    e4 = c(a4,a4,a4,a4),
    e5 = c(a1),
    e6 = c(a1,a2,a3,a3,a3)
  )
)


punti_2024 <- list(
  list(
    e1 = c(a1,a2,a3,a3),
    e2 = c(a1,a2,a3,a3),
    e3 = c(a1),
    e4 = c(a4,a4,a4,a4),
    e5 = c(a1,a2,a3,a3,a3,a1)
  ),
  list(
    e1 = c(a1,a2,a3,a3),
    e2 = c(a1,a2,a3,a3),
    e3 = c(a1),
    e4 = c(a4,a4,a4,a4),
    e5 = c(a1,a2,a3,a3,a3,a1)
  ),
  list(
    e1 = c(a1,a2,a3,a3),
    e2 = c(a1,a2,a3,a3),
    e3 = c(a1),
    e4 = c(a4,a4,a4,a4),
    e5 = c(a4, a1 - a4),
    e6 = c(a1,a2,a3,a3,a3)
  ),
  list(
    e1 = c(a1,a2,a3,a3),
    e2 = c(a1,a2,a3,a3),
    e3 = c(a1),
    e4 = c(a4,a4,a4,a4),
    e5 = c(a1,a2,a3,a3,a3,a1)
  ),
  list(
    e1 = c(a1,a2,a3,a3),
    e2 = c(a1,a2,a3,a3),
    e3 = c(a1),
    e4 = c(a4,a4,a4,a4),
    e5 = c(a1,a2,a3,a3,a3,a1)
  ),
  list(
    e1 = c(a1,a2,a3,a3),
    e2 = c(a1,a2,a3,a3),
    e3 = c(a1),
    e4 = c(a4,a4,a4,a4),
    e5 = c(a1),
    e6 = c(a1,a2,a3,a3,a3)
  ),
  list(
    e1 = c(a1,a2,a3,a3),
    e2 = c(a1,a2,a3,a3),
    e3 = c(a1),
    e4 = c(a4,a4,a4,a4),
    e5 = c(a1-a4,a4),
    e6 = c(a1,a2,a3,a3,a3)
  ),
  list(
    e1 = c(14,3,2,2),
    e2 = c(14,3,2,2),
    e3 = c(14),
    e4 = c(3,3,3,3),
    e5 = c(14),
    e6 = c(14,3,2,2,2)
  ),
  list(
    e1 = c(14,3,2,2),
    e2 = c(14,3,2,2),
    e3 = c(14),
    e4 = c(3,3,3,3),
    e5 = c(4,10),
    e6 = c(14,3,2,2,2)
  )
)