punti <- list(
c(14,3,2,2),
c(14,3,3,2),
c(2,14),
c(3,3,3,2),
c(7,7),
c(14,3,2,2)
)