punti <- list(
c(14,3,2),
c(14,3,3,2),
c(14),
c(3,3,3),
c(10,4),
c(14,3,3,2)
)