punti <- list(
c(14,3,2,2),
c(14,3,2,2),
c(14),
c(3,3,3,3),
c(4,10),
c(14,3,2,2)
)