a1 <- 14
a2 <- 3
a3 <- 2
a4 <- 3

punti_2024 <- list(
list(
e1 = c(a1,a2,a3,a3),
e2 = c(a1,a2,a3,a3),
e3 = c(a1),
e4 = c(a4,a4,a4,a4),
e5 = c(a1,a2,a3,a3,a3,a1)
),
list(
e1 = c(a1,a2,a3,a3),
e2 = c(a1,a2,a3,a3),
e3 = c(a1),
e4 = c(a4,a4,a4,a4),
e5 = c(a1,a2,a3,a3,a3,a1)
),
list(
e1 = c(a1,a2,a3,a3),
e2 = c(a1,a2,a3,a3),
e3 = c(a1),
e4 = c(a4,a4,a4,a4),
e5 = c(a4, a1 - a4),
e6 = c(a1,a2,a3,a3,a3)
),
list(
e1 = c(a1,a2,a3,a3),
e2 = c(a1,a2,a3,a3),
e3 = c(a1),
e4 = c(a4,a4,a4,a4),
e5 = c(a1,a2,a3,a3,a3,a1)
),
list(
e1 = c(a1,a2,a3,a3),
e2 = c(a1,a2,a3,a3),
e3 = c(a1),
e4 = c(a4,a4,a4,a4),
e5 = c(a1,a2,a3,a3,a3,a1)
),
list(
e1 = c(a1,a2,a3,a3),
e2 = c(a1,a2,a3,a3),
e3 = c(a1),
e4 = c(a4,a4,a4,a4),
e5 = c(a1),
e6 = c(a1,a2,a3,a3,a3)
)
)